0400    +4      -252
1000    +16     -240
2400    +36     -220
4000    +64     -192
6400    +100    -156
9000    +144    -112
C400    +196    -60

3C00    +60     -196
7000    +112    -144
9C00    +156    -100
C000    +192    -64
DC00    +220    -36
F000    +240    -16
FC00    +252    -4


4       >>6                 252     >>1,2,3,4,5,6
16      >>4                 240     >>1,2,3,4
36      >>3,6               220     >>1,2,4,5,6
64      >>2                 192     >>1,2
100     >>2,3,6             156     >>1,4,5,6
144     >>1,4               112     >>2,3,4
196     >>1,2,6             60      >>3,4,5,6

0
1
4
9
16
25
36
49
64


FRAC8 = [
    0b00000000,
    0b00100000,
    0b00001000,
    0b00100100,
    0b00000010,
    0b00100110,
    0b00001001,
    0b00100011,
]
